0.114704 0.114746 0.112337 0.11228 0
0.114945 0.114493 0.111991 0.11261 0.159269
0.115185 0.114238 0.111643 0.112936 0.315947
0.115428 0.113987 0.1113 0.113269 0.470798
0.115675 0.113732 0.110952 0.113605 0.624445
0.115923 0.113477 0.110602 0.113944 0.777487
0.116175 0.113224 0.110259 0.114289 0.930503
0.116427 0.112977 0.109921 0.114633 1.08402
0.116681 0.112732 0.10959 0.11498 1.23779
0.116931 0.112421 0.109251 0.115322 1.39065
0.117181 0.112016 0.10891 0.115663 1.54376
0.117427 0.111377 0.10857 0.115999 1.69837
0.117667 0.110425 0.108232 0.116327 1.85561
0.117898 0.109104 0.1079 0.116642 2.01659
0.118115 0.10732 0.107594 0.116939 2.18246
0.118309 0.104921 0.107311 0.117203 2.3547
0.118473 0.101747 0.107095 0.117429 2.53516
0.118572 0.0983487 0.106958 0.117563 2.69313
0.118612 0.095289 0.106908 0.117619 2.81554
0.118617 0.0925881 0.106898 0.117625 2.91324
0.1186 0.0901822 0.106906 0.117601 2.99558
0.118564 0.0880405 0.106916 0.117552 3.06883
0.118515 0.0861548 0.10695 0.117485 3.13876
0.118446 0.0844971 0.106999 0.117392 3.20831
0.118358 0.0829847 0.107076 0.117271 3.28157
0.118239 0.0814981 0.107195 0.11711 3.36083
0.118079 0.0798572 0.107389 0.11689 3.45217
0.117878 0.0781896 0.107623 0.116615 3.54856
0.11766 0.0767002 0.107914 0.116319 3.64118
0.117412 0.0753856 0.108236 0.115978 3.73472
0.117125 0.0742931 0.10862 0.115588 3.83314
0.116845 0.0735132 0.109041 0.115206 3.92306
0.116563 0.0728936 0.109426 0.114819 4.00823
0.116261 0.0723391 0.109846 0.114406 4.09567
0.11596 0.0718569 0.110286 0.113996 4.18005
0.115665 0.0714361 0.11072 0.113593 4.26035
0.115376 0.0710607 0.11115 0.113198 4.33765
0.115091 0.0707074 0.111568 0.112807 4.41225
0.114812 0.0703752 0.111976 0.112428 4.48461
0.11454 0.0700538 0.112372 0.112056 4.55558
0.114266 0.0697376 0.112782 0.111682 4.62628
0.113988 0.069425 0.113143 0.111308 4.69748
0.113711 0.0691054 0.113285 0.111077 4.76885
0.113433 0.0687871 0.113275 0.111035 4.84057
0.113155 0.0684761 0.113134 0.111133 4.91309
0.112874 0.06817 0.112897 0.111337 4.98697
0.11259 0.0678627 0.112614 0.111624 5.06238
0.11232 0.0675688 0.112277 0.111952 5.13531
0.112063 0.0673011 0.111945 0.112291 5.20519
0.11182 0.0670422 0.111606 0.112638 5.27265
0.111587 0.0667971 0.111248 0.112977 5.33831
0.11136 0.0665613 0.110854 0.113348 5.40278
0.111139 0.0663383 0.110437 0.113762 5.46674
0.110921 0.0661129 0.109908 0.114214 5.53096
0.110705 0.0658923 0.109302 0.114766 5.59644
0.110486 0.0656703 0.108592 0.115435 5.66424
0.11026 0.0654421 0.107798 0.116209 5.73547
0.110024 0.0652016 0.106964 0.117066 5.81159
0.109772 0.0649419 0.10608 0.117973 5.89415
0.109508 0.0646655 0.105152 0.118935 5.98492
0.109224 0.0643677 0.1042 0.11994 6.08524
0.108936 0.0640595 0.103252 0.120916 6.18993
0.108648 0.0637451 0.10233 0.121877 6.29903
0.108352 0.0634147 0.101381 0.122848 6.4147
0.108044 0.0630537 0.100412 0.123845 6.53996
0.107715 0.0626587 0.0993968 0.124899 6.67852
0.107357 0.0622379 0.0983356 0.125998 6.83543
0.106968 0.0617588 0.0972338 0.127157 7.01509
0.106553 0.0612494 0.096174 0.12827 7.21504
0.106134 0.0606955 0.0951856 0.129304 7.43119
0.105721 0.0601124 0.0942882 0.130229 7.6564
0.105313 0.0594913 0.0933712 0.131108 7.89414
0.104908 0.0588224 0.0924276 0.13199 8.14724
0.10451 0.0581065 0.0913678 0.132948 8.41619
0.104118 0.0573569 0.0902884 0.133971 8.70374
0.103728 0.0565573 0.0891642 0.134995 9.01243
0.103339 0.0556829 0.0880134 0.136018 9.34463
0.102956 0.0547422 0.0868948 0.137025 9.70109
0.102615 0.0538583 0.085898 0.137922 10.0492
0.102323 0.0530811 0.0850426 0.138647 10.3687
0.102073 0.0523879 0.0843412 0.139279 10.6693
0.101849 0.051746 0.0837154 0.139822 10.9568
0.101636 0.0511068 0.0831036 0.140327 11.2511
0.101437 0.0505029 0.0825632 0.140782 11.5411
0.101247 0.0499266 0.0820564 0.141204 11.8328
0.101057 0.0493726 0.081579 0.141603 12.1261
0.100861 0.0488709 0.0811618 0.141957 12.4073
0.100636 0.0484074 0.080739 0.142284 12.6874
0.100364 0.0479731 0.0803764 0.14258 12.968
0.100025 0.0475618 0.0800306 0.142858 13.2504
0.0995967 0.0471444 0.0796596 0.143145 13.5525
0.0991339 0.0467343 0.0793362 0.143423 13.8611
0.0987683 0.0463313 0.0790296 0.143682 14.1653
0.0985263 0.0458798 0.078723 0.143934 14.494
0.098338 0.0454259 0.0784766 0.144134 14.7966
0.098099 0.0448769 0.078261 0.14432 15.1231
0.0977163 0.0441015 0.078002 0.144508 15.5328
0.0971332 0.0431937 0.0777584 0.144671 16.0045
0.0963931 0.0423493 0.0775274 0.144813 16.4974
0.0955954 0.0416675 0.0773608 0.144944 16.9559
0.0946823 0.0410789 0.077225 0.145034 17.4106
0.0937395 0.0405971 0.0771396 0.145105 17.8077
0.0928077 0.0401996 0.077085 0.145157 18.1435
0.091825 0.0398333 0.0770598 0.145178 18.4474
0.0906159 0.0394303 0.0770178 0.145198 18.7723
0.0891174 0.0389635 0.0770038 0.145213 19.1351
0.0872875 0.0384093 0.0770038 0.145205 19.5586
0.0853264 0.0378118 0.0770458 0.145161 20.0224
0.0835766 0.0372515 0.0771718 0.145076 20.4624
0.0819443 0.0366666 0.0773104 0.144921 20.9018
0.0803543 0.0360519 0.0775372 0.144706 21.3617
0.0789122 0.0354661 0.0778494 0.144407 21.8064
0.0775381 0.034895 0.0781812 0.144051 22.2434
0.0762092 0.0343343 0.0785774 0.143617 22.6741
0.0748198 0.0337277 0.0790786 0.143092 23.1584
0.0735987 0.0332317 0.0795406 0.142606 23.6095
0.0724084 0.0328232 0.0799732 0.14216 24.0437
0.0709003 0.0323923 0.0804954 0.141617 24.5599
0.0692183 0.0319975 0.081026 0.141078 25.0996
0.0676148 0.0316476 0.081537 0.140509 25.6319
0.0663754 0.0313596 0.0820158 0.140014 26.1038
0.0653636 0.0310894 0.0824876 0.139503 26.5632
0.0644149 0.0308253 0.083021 0.138943 27.0409
0.0635224 0.0305725 0.0836076 0.138366 27.5351
0.0626793 0.0303204 0.0842614 0.137704 28.0617
0.0619021 0.0300855 0.0849754 0.137023 28.5982
0.061196 0.0298745 0.0856054 0.136393 29.1108
0.0603044 0.029607 0.0864412 0.135598 29.7997
0.0587991 0.0291467 0.0877572 0.134297 31.0628
0.0575333 0.0287633 0.0888716 0.133193 32.3324
0.0564006 0.028413 0.0899272 0.132119 33.6792
0.0553707 0.0280885 0.090917 0.131122 35.0405
0.0542637 0.0277471 0.092037 0.130061 36.6495
0.0531268 0.0273963 0.0931696 0.128886 38.549
0.0520309 0.0270512 0.0943148 0.12772 40.6673
0.0511764 0.0267859 0.0952486 0.1268 42.6207
0.0503458 0.0265298 0.0961978 0.125869 44.8829
0.0494512 0.0262593 0.097238 0.124908 47.7466
0.0487031 0.0260293 0.098078 0.124059 50.625
0.0480489 0.0257946 0.0988228 0.123279 53.6973
0.0473827 0.0255434 0.0995662 0.122476 57.4251
0.04688 0.025364 0.100142 0.121903 60.7399
0.0463589 0.0251622 0.100709 0.121318 64.8767
0.0457298 0.0249223 0.101344 0.120744 70.515
0.0451928 0.0247064 0.101809 0.120306 76.4072
0.0447435 0.024523 0.102166 0.119971 82.3354
0.0443383 0.0243565 0.102491 0.119662 88.7343
0.0439586 0.0242049 0.102767 0.119371 95.5924
0.0436172 0.0240589 0.103027 0.119144 103.09
0.0433099 0.0239243 0.103245 0.118902 111.202
0.0430385 0.0238019 0.103434 0.118721 119.711
0.0428023 0.0236983 0.103611 0.118552 128.647
0.0425772 0.0236023 0.103758 0.118396 138.193
0.0423772 0.0235155 0.103891 0.118269 148.37
0.0421883 0.0234302 0.10402 0.118148 159.939
0.0420101 0.0233455 0.104136 0.118034 173.316
0.0418515 0.0232679 0.104245 0.117915 187.866
0.0417202 0.0232017 0.104319 0.117797 202.417
0.0416138 0.0231489 0.104413 0.117703 216.969
0.0415313 0.023102 0.104486 0.117621 231.52
0.0414644 0.0230606 0.104563 0.117541 246.072
0.0414062 0.0230232 0.104633 0.117464 260.624
0.0413571 0.0229898 0.1047 0.117388 275.176
0.0413138 0.02296 0.104767 0.117317 289.728
0.0412776 0.0229318 0.104839 0.117257 304.28
0.0412494 0.0229057 0.104903 0.117196 318.831
0.0412258 0.0228821 0.104962 0.117132 333.383
0.0412068 0.0228588 0.105025 0.117076 347.935
0.0411893 0.0228379 0.105093 0.117019 362.488
0.0411767 0.0228177 0.105155 0.116965 377.04
0.0411654 0.0227996 0.105217 0.116907 391.592
0.0411571 0.0227818 0.105284 0.116846 406.144
0.041151 0.0227649 0.105347 0.116778 420.695
0.0411464 0.0227487 0.105422 0.116715 435.247
0.0411418 0.0227327 0.105498 0.116636 449.799
0.0411384 0.0227171 0.105583 0.116561 464.351
