0.0 -5.1 -14.1
2.0 -5.4 -13.9
3.0 -5.5 -13.8
5.0 -6.0 -13.0
10.0 -6.2 -12.4
12.0 -6.3 -12.5
14.0 0.0 0.0
30.0 0.0 0.0
58.0 0.0 0.0
60.0 -8.0 -36.1
62.0 -8.0 -36.0
68.0 -7.8 -33.7
71.5 -8.2 -33.5
80.0 -8.3 -36.0
86.0 -8.5 -36.6
87.0 -11.2 -15.4
89.0 -11.9 -15.5
90.0 0.0 0.0
91.0 -12.5 -18.6
93.0 -12.9 -19.2
95.0 0.0 0.0
100.0 -38.4 -45.1
102.0 -38.9 -42.3
103.0 -39.5 -43.5
104.0 -40.0 -53.7
105.0 -40.0 -53.1
106.0 -40.0 -53.7
108.0 -40.0 -53.0
110.0 -40.0 -53.9
112.0 -40.0 -52.8
118.0 -40.0 -42.9
120.0 -40.0 -44.1
122.0 -40.0 -44.1
124.0 -40.0 -52.1
128.0 -40.0 -52.2
129.0 -40.0 -52.9
130.0 -40.0 -56.3
131.0 -40.0 -54.5
134.0 -40.0 -54.3
137.0 -40.0 -54.4
138.0 -40.0 -53.1
139.0 -40.0 -46.6
140.0 -40.0 -46.1
142.0 -40.0 -46.3
150.0 -40.0 -60.1
151.0 -40.0 -59.9
153.0 -40.0 -54.3
155.0 -40.0 -52.4
160.0 -40.0 -50.2
173.0 -40.0 -46.4
178.0 -40.0 -43.0
179.0 -40.0 -42.8
180.0 -40.0 -42.9
181.0 -40.0 -43.2
182.0 -40.0 -45.8
183.0 -40.0 -49.7
191.0 -40.0 -79.9
192.0 -40.0 -84.6
193.0 -40.0 -84.3
201.0 -40.0 -71.5
202.0 -40.0 -71.8
203.0 -40.0 -73.9
206.0 -40.0 -81.3
210.0 -40.0 -94.9
214.0 -40.0 -94.1
215.0 -40.0 -94.5
216.0 -40.0 -93.4
220.0 -40.0 -93.1
229.0 -40.0 -92.2
230.0 -40.0 -93.8
234.0 -40.0 -92.3
237.0 -40.0 -94.1
240.0 -40.0 -95.2
242.0 -40.0 -91.5
244.0 -40.0 -90.3
246.0 -40.0 -89.2
248.0 -40.0 -89.1
252.0 -40.0 -90.8
254.0 -40.0 -92.6
255.0 -40.0 -92.5
258.0 -40.0 -81.4
260.0 -40.0 -74.4
266.0 -40.0 -70.3
268.0 -40.0 -69.4
271.0 -40.0 -70.5
274.0 -40.0 -82.1
275.0 -40.0 -83.1
276.0 -40.0 -83.2
279.0 -40.0 -65.3
280.0 -40.0 -63.9
282.0 -40.0 -62.8
290.0 -40.0 -60.1
291.0 -40.0 -60.2
299.0 -40.0 -60.6
300.0 -40.0 -61.7
302.0 -40.0 -65.0
304.0 -40.0 -71.4
306.0 -40.0 -104.6
307.0 -40.0 -101.8
308.0 -40.0 -72.6
309.0 -40.0 -58.1
310.0 -40.0 -55.4
311.0 -40.0 -54.5
312.0 -40.0 -54.9
317.0 -40.0 -55.8
318.0 -40.0 -58.2
319.0 -40.0 -60.1
320.0 -40.0 -62.3
321.0 -40.0 -75.0
322.0 -40.0 -74.8
324.0 -40.0 -50.0
325.0 -39.9 -49.2
328.0 -39.5 -50.6
329.0 -39.3 -52.0
330.0 -37.9 -55.0
331.0 -36.1 -38.2
335.0 0.0 0.0
340.0 0.0 0.0
348.0 0.0 0.0
351.0 -7.9 -15.8
353.0 -8.3 -15.2
355.0 -8.0 -15.0
361.0 -6.0 -16.0
